{
  "depot": {
    "id": 0,
    "x": 50.0,
    "y": 50.0,
    "name": "Office"
  },
  "clients": [
    {
      "id": 1,
      "x": 65.69169650920699,
      "y": 30.280087189157477,
      "name": "Client_1",
      "demand": 1,
      "service_time": 59.028829830311615,
      "priority": 1,
      "revenue": 540.3337715726122
    },
    {
      "id": 2,
      "x": 97.19270206309149,
      "y": 73.945563541619,
      "name": "Client_2",
      "demand": 5,
      "service_time": 45.79540925593744,
      "priority": 3,
      "revenue": 755.1537691693027
    },
    {
      "id": 3,
      "x": 56.30131563454066,
      "y": 57.5151951260682,
      "name": "Client_3",
      "demand": 2,
      "service_time": 18.642080438821182,
      "priority": 1,
      "revenue": 682.8878773085311
    },
    {
      "id": 4,
      "x": 63.329937964286245,
      "y": 21.311568202992447,
      "name": "Client_4",
      "demand": 1,
      "service_time": 30.33475964396729,
      "priority": 1,
      "revenue": 388.56242556478185
    },
    {
      "id": 5,
      "x": 42.463709567244614,
      "y": 24.60649868072403,
      "name": "Client_5",
      "demand": 5,
      "service_time": 44.89826859471748,
      "priority": 1,
      "revenue": 260.829283392152
    },
    {
      "id": 6,
      "x": 7.580871685654033,
      "y": 30.959729377096078,
      "name": "Client_6",
      "demand": 3,
      "service_time": 17.19722203989672,
      "priority": 2,
      "revenue": 636.6520428206748
    },
    {
      "id": 7,
      "x": 95.37806884548033,
      "y": 83.01493111396601,
      "name": "Client_7",
      "demand": 5,
      "service_time": 51.751686946519996,
      "priority": 2,
      "revenue": 780.5018855743821
    },
    {
      "id": 8,
      "x": 22.581980950430637,
      "y": 61.42957735952586,
      "name": "Client_8",
      "demand": 2,
      "service_time": 39.45736178907734,
      "priority": 2,
      "revenue": 706.6981594953487
    },
    {
      "id": 9,
      "x": 61.16846078428056,
      "y": 48.38798901307395,
      "name": "Client_9",
      "demand": 5,
      "service_time": 51.58787980890962,
      "priority": 3,
      "revenue": 204.5782678464061
    },
    {
      "id": 10,
      "x": 63.98045895782823,
      "y": 47.97001610323874,
      "name": "Client_10",
      "demand": 2,
      "service_time": 33.40807958305348,
      "priority": 2,
      "revenue": 647.8425129777851
    },
    {
      "id": 11,
      "x": 31.18585817629935,
      "y": 83.1520953683535,
      "name": "Client_11",
      "demand": 4,
      "service_time": 59.67143346023907,
      "priority": 3,
      "revenue": 961.6158117892402
    },
    {
      "id": 12,
      "x": 13.000277559846774,
      "y": 36.90459704780189,
      "name": "Client_12",
      "demand": 5,
      "service_time": 36.97960880759822,
      "priority": 2,
      "revenue": 266.3173188570195
    },
    {
      "id": 13,
      "x": 81.64728464537949,
      "y": 15.345547399711023,
      "name": "Client_13",
      "demand": 2,
      "service_time": 49.18770074221132,
      "priority": 2,
      "revenue": 327.3947809647833
    },
    {
      "id": 14,
      "x": 87.97493005826864,
      "y": 99.40825286080903,
      "name": "Client_14",
      "demand": 4,
      "service_time": 36.72237972081106,
      "priority": 1,
      "revenue": 523.4650353356556
    },
    {
      "id": 15,
      "x": 1.8079171928272575,
      "y": 2.138919620705959,
      "name": "Client_15",
      "demand": 4,
      "service_time": 19.965759654360582,
      "priority": 3,
      "revenue": 761.6578862981917
    }
  ],
  "vehicles": [
    {
      "id": 0,
      "capacity": 15,
      "fixed_cost": 101.8486620624969,
      "max_distance": 464.8398404826851,
      "type": "Car",
      "speed": 65.49918244187006
    }
  ],
  "distance_matrix": [
    [
      0.0,
      35.411609320049514,
      71.13826560471048,
      13.816510760608857,
      42.0183697612938,
      32.929791752031356,
      61.45939893724989,
      78.39299995944634,
      38.84759640909522,
      12.780471771206614,
      16.010442854589492,
      51.96623719205415,
      50.095125392351335,
      66.30173724566846,
      87.38318291907767,
      96.05316318646678
    ],
    [
      35.411609320049514,
      0.0,
      75.16648190634601,
      36.62548881157706,
      11.330277531085777,
      28.901575450395825,
      58.79046701149156,
      82.42121626108187,
      74.25920572914474,
      22.6311375488429,
      19.401166465460022,
      87.37784651210367,
      59.315928808004635,
      30.89012792561895,
      91.4113992207132,
      92.02494688483125
    ],
    [
      71.13826560471048,
      75.16648190634601,
      0.0,
      57.321754844101626,
      86.49675943743179,
      104.06805735674183,
      132.59766454196037,
      10.88400078995818,
      87.126707294754,
      61.58181580735597,
      59.18779054364351,
      75.21337571352664,
      121.2333909970618,
      74.14543355961997,
      34.68046132401288,
      167.19142879117726
    ],
    [
      13.816510760608857,
      36.62548881157706,
      57.321754844101626,
      0.0,
      43.23224925282134,
      46.74630251264021,
      75.27590969785875,
      64.57648919883749,
      37.63371691756768,
      13.994351262734156,
      17.224322346117034,
      50.7523577005266,
      63.91163615296019,
      67.51561673719601,
      73.5666721584688,
      109.86967394707565
    ],
    [
      42.0183697612938,
      11.330277531085777,
      86.49675943743179,
      43.23224925282134,
      0.0,
      24.161158874773214,
      65.39722745273585,
      93.75149379216765,
      80.86596617038902,
      29.237897990087184,
      27.308968893788283,
      93.98460695334795,
      65.92268924924892,
      24.283367484374665,
      102.74167675179898,
      80.69466935374548
    ],
    [
      32.929791752031356,
      28.901575450395825,
      104.06805735674183,
      46.74630251264021,
      24.161158874773214,
      0.0,
      41.23606857796263,
      111.32279171147769,
      56.70480729561581,
      42.486241549385866,
      44.88026681309833,
      69.82344807857473,
      41.761530374475704,
      48.44452635914788,
      120.31297467110903,
      63.12337143443543
    ],
    [
      61.45939893724989,
      58.79046701149156,
      132.59766454196037,
      75.27590969785875,
      65.39722745273585,
      41.23606857796263,
      0.0,
      139.85239889669623,
      45.470957247206385,
      71.0158487346044,
      73.40987399831687,
      75.79735248190273,
      11.364273544898555,
      89.68059493711051,
      148.84258185632757,
      34.593764249216896
    ],
    [
      78.39299995944634,
      82.42121626108187,
      10.88400078995818,
      64.57648919883749,
      93.75149379216765,
      111.32279171147769,
      139.85239889669623,
      0.0,
      94.38144164948986,
      68.83655016209184,
      66.44252489837936,
      64.32937492356847,
      128.48812535179766,
      81.40016791435583,
      23.796460534054702,
      174.44616314591312
    ],
    [
      38.84759640909522,
      74.25920572914474,
      87.126707294754,
      37.63371691756768,
      80.86596617038902,
      56.70480729561581,
      45.470957247206385,
      94.38144164948986,
      0.0,
      51.62806818030183,
      54.85803926368472,
      30.326395234696356,
      34.106683702307826,
      105.1493336547637,
      103.37162460912117,
      80.06472149642329
    ],
    [
      12.780471771206614,
      22.6311375488429,
      61.58181580735597,
      13.994351262734156,
      29.237897990087184,
      42.486241549385866,
      71.0158487346044,
      68.83655016209184,
      51.62806818030183,
      0.0,
      3.2299710833828783,
      64.74670896326076,
      59.651575189705845,
      53.52126547446185,
      77.82673312172315,
      105.6096129838213
    ],
    [
      16.010442854589492,
      19.401166465460022,
      59.18779054364351,
      17.224322346117034,
      27.308968893788283,
      44.88026681309833,
      73.40987399831687,
      66.44252489837936,
      54.85803926368472,
      3.2299710833828783,
      0.0,
      67.97668004664365,
      62.04560045341831,
      50.29129439107897,
      75.4327078580107,
      108.00363824753376
    ],
    [
      51.96623719205415,
      87.37784651210367,
      75.21337571352664,
      50.7523577005266,
      93.98460695334795,
      69.82344807857473,
      75.79735248190273,
      64.32937492356847,
      30.326395234696356,
      64.74670896326076,
      67.97668004664365,
      0.0,
      64.43307893700418,
      118.26797443772261,
      73.04522937442482,
      110.39111673111964
    ],
    [
      50.095125392351335,
      59.315928808004635,
      121.2333909970618,
      63.91163615296019,
      65.92268924924892,
      41.761530374475704,
      11.364273544898555,
      128.48812535179766,
      34.106683702307826,
      59.651575189705845,
      62.04560045341831,
      64.43307893700418,
      0.0,
      90.20605673362357,
      137.478308311429,
      45.958037794115455
    ],
    [
      66.30173724566846,
      30.89012792561895,
      74.14543355961997,
      67.51561673719601,
      24.283367484374665,
      48.44452635914788,
      89.68059493711051,
      81.40016791435583,
      105.1493336547637,
      53.52126547446185,
      50.29129439107897,
      118.26797443772261,
      90.20605673362357,
      0.0,
      90.39035087398716,
      93.04599523155728
    ],
    [
      87.38318291907767,
      91.4113992207132,
      34.68046132401288,
      73.5666721584688,
      102.74167675179898,
      120.31297467110903,
      148.84258185632757,
      23.796460534054702,
      103.37162460912117,
      77.82673312172315,
      75.4327078580107,
      73.04522937442482,
      137.478308311429,
      90.39035087398716,
      0.0,
      183.43634610554443
    ],
    [
      96.05316318646678,
      92.02494688483125,
      167.19142879117726,
      109.86967394707565,
      80.69466935374548,
      63.12337143443543,
      34.593764249216896,
      174.44616314591312,
      80.06472149642329,
      105.6096129838213,
      108.00363824753376,
      110.39111673111964,
      45.958037794115455,
      93.04599523155728,
      183.43634610554443,
      0.0
    ]
  ],
  "service_times": [
    59.028829830311615,
    45.79540925593744,
    18.642080438821182,
    30.33475964396729,
    44.89826859471748,
    17.19722203989672,
    51.751686946519996,
    39.45736178907734,
    51.58787980890962,
    33.40807958305348,
    59.67143346023907,
    36.97960880759822,
    49.18770074221132,
    36.72237972081106,
    19.965759654360582
  ],
  "time_windows": [
    [
      603,
      666
    ],
    [
      729,
      828
    ],
    [
      489,
      592
    ],
    [
      865,
      1010
    ],
    [
      577,
      658
    ],
    [
      859,
      997
    ],
    [
      696,
      771
    ],
    [
      521,
      609
    ],
    [
      752,
      914
    ],
    [
      711,
      781
    ],
    [
      582,
      728
    ],
    [
      812,
      968
    ],
    [
      551,
      690
    ],
    [
      523,
      656
    ],
    [
      486,
      594
    ]
  ],
  "demands": [
    1,
    5,
    2,
    1,
    5,
    3,
    5,
    2,
    5,
    2,
    4,
    5,
    2,
    4,
    4
  ],
  "priorities": [
    1,
    3,
    1,
    1,
    1,
    2,
    2,
    2,
    3,
    2,
    3,
    2,
    2,
    1,
    3
  ]
}